ID,FIRSTNAME,OTHERNAMES,SECONDNAME
717236,MARTIN,[MARTIN V ALONZO JR],ALONZO
2113775,John,[JOHN TYLER BERRY],Berry
1187914,NICHOLAS,"[NICHOLAS CZERNICHEW BESOBRASOV, NICHOLAS C BESOBRASOW]",BESOBRASOW
1988805,ROBERT,[BOB  BRANCATELLA],BRANCATELLA
2192484,IRA,[],BRAUNSTEIN
1010012,BRUCE,[],BROEKHUIZEN
3166671,ANDREW,[],BROOKMAN
715584,MICHAEL,[],BROWN
1489356,THOMAS,[],BROWN
600412,EDWARD,[],BRUKSCH
2457027,IAN,[],BURKE
2413488,RICARDO,"[MORENO  CAMPOY, RICARDO MORENO CAMPOY]",CAMPOY
1658559,EDWIN,"[EDWIN J CAREY, EDWIN JOSEPH CAREY III, TRIP  CAREY III, TRIP  CAREY]",CAREY
43518,MICHAEL,[MIKE  CAVALLO],CAVALLO
2709617,FLORENCE,[FLORENCE  CELLIMEJIA],CELLI
1905699,DANIELLE,"[DANIELLE SABRINA CHHIESI, DANIELLE SABRINA CHIESIFEENEY, DANIELLE SABRINA FEENEY]",CHIESI
2584376,ORLANDO,[],CHIOSSONE
1335296,James,[JAMES DAVID CLIFFORD],Clifford
1234928,EDMUND,[],COLEMAN
2414492,BRIAN,[],CONNOLLY
55374,ERIC,[],COURTNEY
1665279,WAYNE,"[WAYNE M COY, WAYNE MICAEL COY]",COY
2156926,MICHAEL,[MICHAEL J CRAIG],CRAIG
2054747,WILLIAM,[BILL  DAILEY III],DAILEY
710079,SALVATORE,"[SALVATORE ANTHONY D'ALISO, SKIP  DALISO]",DALISO
2383188,RAJNISH,[],DAS
2448272,MAURICIO,[MAURICIO  DELATORRE],DE LA TORRE
2166872,MICHAEL,[MICHAEL P DEMARSE],DEMARSE
2679165,JOSEPH,[],DESENA
1410615,Peter,"[PETER LOUIS DIBIAGIO, PETER  DIBIAGIO, PETER LOUIS DIBIAIO]",DiBiagio
866416,ROBERT,[ROBERT A DOEBERL],DOEBERL
1566696,KEN,[],DORAZIO
2416125,JOSEPH,[JOSEPH  DORILIO],DORILIO
1077149,MICHAEL,"[MICHAEL J DOUGHERTY, MICHAEL JOSEPH DOUGHERTY]",DOUGHERTY
1158977,CHRISTOPHER,[CHRIS  DOWNEY],DOWNEY
1178931,PATRICK,[],DOWNEY
2201260,TIMOTHY,[],DRISCOLL
2041644,STEPHEN,[],DUNBAR
3053246,Lynda-Lee,"[LYNDALEE  DYER, LYNDA-LEE  STAHL, LYNDA-LEE  VROEGINDEWEY, LYNDA-LEE  WANAMAKER]",Dyer
1685607,JOSEPH,"[JAY  EBERLE III, JOSEPH III EBERLE, JOSEPH NOMI EBERLE III, JOSEPH  EBERLE, Jay  Eberle]",EBERLE
1123322,Stephen,[STEPHEN BERTHOLD FEID],Feid
2640693,ROBERT,[],FEINBLATT
1440274,STEVEN,[STEVEN M FEINSTEIN],FEINSTEIN
2224218,Megan,"[MEGAN SMITH ANDERSON, MEGAN ANDERSON FLETCHER]",Fletcher
1052769,AARON,[],FUCHS
2148074,ROBERT,[BOB  GHLEN],GEHLEN
1619655,LOURDES,"[LOULIE  DALUPAN, LOULIE  GENATO, LOURDES D GENATO]",GENATO
221283,EMMANUEL,"[EMMANUEL CHRISTOPHE GERONIMOS, MANNY  GERONIMOS]",GERONIMOS
703597,EDGAR,[],GIOVANNETTI
223802,JOEL,[],GOLD
224292,CLIFFORD,[],GOLDMAN
2852203,ALAN,[],GOLDSTEIN
1026640,GEORGE,"[GEORGE WILLIAM GOWDEY JR, GEORGE WILLIAM GOWDEY]",GOWDEY
2330678,EVAN,[],GREENBERG
2792734,Robert,"[ROBERT T GREGORIO, ROBERT THOMAS GREGORIO]",Gregorio
3162280,ILYA,[],GROZOVSKY
871924,WILLIAM,"[BILLY  HACKETT, WILLIAM J HACKETT]",HACKETT
858853,Michael,[],Hanley
2231288,Brian,"[BRIAN MICHAEL HANLON, Brian M Hanlon]",Hanlon
1206114,BRADFORD,[],HARRIES
716539,MARK,[],HENRIQUEZ
2274771,MARC,[],HENRY
1439013,JOHN,[],HEPPE
3163186,Donald,"[DON  HILL, DONALD T HILL, DONALD THOMAS HILL, Donald  Hill]",Hill
1987377,Daniel,"[DANIEL F HUANG, DANIEL FARBER HUANG]",Huang
4018680,Valentine,"[VAL  HUANG, Valentine  Huang]",Huang
253632,MARK,[MARK I HURANT],HURANT
1325422,RANDALL,[],HUYSER
2108674,ANGELO,[],IANNONE
2434723,CHRISTOPHER,[WHOPPER  JOHNSON],JOHNSON
1607398,MICHAEL,[MIKE  JOHNSON],JOHNSON
2267202,ROBERT,"[BOB  JOHNSON, BOBBY  JOHNSON]",JOHNSON
262263,FREDERICK,[],JOSEPH
2807573,SUSAN,[SUSAN B KALLA],KALLA
2555095,STUART,[STUART A KASDIN],KASDIN
3161226,STEVEN,[STEVE  KING],KING
2460778,CHRISTINE,[CHRISTINE  EMODI],KINKEAD
275989,FREDERICK,[],KRULL
2298150,JOHN,[],LARSON
1037348,PETER,[],LIEU
2155252,JOEL,"[DAVID  LUCKE, J. DAVID LUCKE]",LUCKE
705956,HERBERT,[HERBERT C LUST],LUST
316853,EZRA,[],MAGER
2833130,FRANK,[],MARASCO
1711520,STEPHEN,"[STEPHEN J MAZUCHOWSKI, STEPHEN JOSEPH MAZUCHOWSKI]",MAZUR
2201487,KENNETH,[KEN  MCAFEE],MCAFEE
1846041,Brendan,"[BRENDAN E MC CARTHY, BRENDAN EUGENE MC CARTHY, BRENDAN EUGENE MCCARTHY]",McCarthy
2160457,COLIN,[COLIN  MCDONALD],MCDONALD
1175153,JAMES,[JIM  MCKAY],MCKAY
1295902,JOE,[],MEALS
1786178,CHARLES,[CHARLES PHILIP MENGES],MENGES
2517055,TIMOTHY,[],MEYER
2449751,HEIDI,[],MICHITSCH
2739169,CHRISTOPHER,[CHRISTOPHER CLIFFORD MOSER],MOGER
338359,ERNEST,"[ERNEST VERNON MONTFORD SR, ERNEST VERNON MONTFORD, ERNIE  MONTFORD]",MONTFORD SR.
2529173,DAVID,"[DAVID L MORTON JR, DAVID L MORTON, DAVID LAMB MORTON JR]",MORTON
1259215,DAVID,[DAVID J MOTTES],MOTTES
2645549,MICHAEL,[MICHAEL  NEIBERG],NEIBERG
2136032,MANUEL,[MANUEL LASSARO OJEDA],OJEDA
715538,FRED,"[OSTROVE CHARLES FRED CHARLES, FREDERICK C OSTROVE]",OSTROVE
2560012,BRUCE,"[BRUCE FRANCIS OZELLO, Bruce F Ozello]",OZELLO
2504867,JOHN,[],PILEGGI
2519243,STEPHEN,[],PRICE
2334996,MARTIN,"[MARTIN PAUL PYYKKONEN, MARTIN PAUL PYYKKONENT]",PYYKKONEN
2254895,KEVIN,[],QUINN
1990527,GARY,[],RABIN
2510499,SALIM,"[SALIM S RESHWAN, SAM  RESHWAN]",RESHWAN
1349124,PAUL,[PAUL G RISOLI],RISOLI
1952747,EDWIN,"[ED  RIVERS, EDWARD R RIVERS JR., EDWARD  RIVERS JR., EDWARD  RIVERS, EDWIN R RIVERS JR., EDWIN  RIVERS JR., EDDIE  RODRIGUEZ, EDWIN R RODRIGUEZ JR., EDWIN  RODRIGUEZ JR., EDWIN  RODRIQUEZ]",RODRIGUEZ
1624145,JAMES,"[JAMES  ROGERS, JIM  ROGERS]",ROGERS
835534,DANIEL,"[DAN  ROONEY, DANIEL F ROONEY]",ROONEY
2787811,PHILIP,"[PHIL  ROSATO, Philip  Rosato]",ROSATO
4178580,ROBERT,[ROBERT C ROSS],ROSS
1384551,BRIEN,[],ROWE
2985219,CHRISTOPHER,"[CHRIS J ROWLAND, CHRISTOPHER J ROWLAND, CHRISTOPHER  ROWLAND]",ROWLAND
2207689,WAYNE,[WAYNE J RUDEN],RUDEN
4199453,WILSON,[],RUMPH
407806,NICOLAS,[],RUSSO
2322812,SCOTT,[SCOTT R SACARE],SACANE
413041,WALTER,[],SCHENKER
2404660,J,[],SCHMIDT
2396517,NICHOLAS,[],SEIDENBERG
418681,Bernard,[BERNARD THIERRY SELZ],selz
849194,KENNETH,[],SHASHOUA
862082,DANIEL,[DANIEL T SHEEHY],SHEEHY
423861,LOUIS,[],SILL
426663,PHILIP,[PHILLIP  SMALL],SMALL
2269268,KIMBERLY,"[KIM  WATKINS, KIMBERLY ANN WATKINS, KIMBERLY  WATKINS]",SODERVICK
2465321,GREGORY,[],SORRENTINO
2024272,FRANK,[FRANK VERNON SOUTHERS II II],SOUTHERS
1238056,Stephen,"[STEPHEN A STEFANO, Stephen Andrew Stefano]",Stefano
2854225,ADAM,[],STROUSE
2110572,JEFFREY,[],SZTORC
709016,JAMES,[JIM  TAGG],TAGG
868433,LAWRENCE,[],TALISMAN
1400655,PHILIP,[PHILIP T TUMMINIA],TUMMINIA
1204606,John,[JOHN ANTHONY VEDOVINO],Vedovino
454587,THOMAS,[TOM VICKERS  VICKERS],VICKERS
2548661,HELEN,[],VOLLMER
468487,JOHN,"[JOHN MARSHALL WILLIAMSON JR, JOHN MARSHALL WILLIAMSON JR., JOHN MARSHALL WILLIAMSON]",WILLIAMSON
2991527,EMERY,[],WONG
472291,DEAN,[],WOODMAN
1317725,MARCUS,[MARCUS WARTH ZIEGLER III],ZIEGLER
1017974,GILBERT,[GIL  ACEDO],ACEDO
3062,DAVID,[DAVE  ALLARD],ALLARD
1468907,NEAL,[NEAL S ALLEN],ALLEN
1368073,GEORGE,[],BARRY
833357,Richard,"[RICHARD L BEHR JR, RICHARD LLOYD BEHR JR]",Behr
731205,BARRY,[],CHAMPNEY
1435326,IRA,[IRA G CHERNICK],CHERNICK
714720,CHARLES,"[CHARLES EDWARD CHILDS, CHIC  CHILDS]",CHILDS
1051716,WAYNE,[],CHITTENDEN
1286327,MARILYN,[MARILYN M CHIM],CHOU
1008961,WILLIAM,[BILL  CHRISTENSEN],CHRISTENSEN
824529,TIMOTHY,[],CLYMAN
848232,RENATE,[RENATE MARIA SCHMID],COHEN
50822,ROBERT,[ROBERT  LUTHER],COLEMAN
1368618,VICTORIA,"[VICTORIA  CALL, TORRI  FELTON, VICTORIA CALL FELTON, VICTORIA  FELTON-COLLINS, VICTORIA CALL FELTONCOLLINS]",COLLINS
1036029,KARON,[],COOK
1001412,JOSEPH,[JOE  CORTOPASSI],CORTOPASSI
1293328,Michael,[],Cutler
61763,ALFRED,[],DAVINO
1442736,DAVID,"[DAVE  DAVIS, DAVID R DAVIS]",DAVIS
68674,JOHN,"[SAG  DISTERDICK, JOHN  RUNNER]",DISTERDICK
1401699,GENE,[WILLIAM  HRYNKIW],EDWARDS
1460478,BRETT,[BRET S ELLEN],ELLEN
1369557,LESLIE,[],FLAUM
211655,JOHN,[JOHN JOE FOSS],FOSS
1336313,JOHN,[],FRYE
216884,WILLIAM,[],GALLAGHER
707593,DAVID,[],GAON
1079696,PATRICIA,"[PATRICIA LEANORA OBOYLE GILL, PATRICIA LEANORA OBOYLE]",GILL
222774,MELVYN,[],GLASS
1135983,MICHAEL,[],GOLDSTEIN
1019186,RICHARD,[DICK  GOOTEE],GOOTEE
1032027,MARJORIE,[],GRACE
1458142,STACY,[STACY ANNE MCEVOY],GRAHAM
1260694,ROSE,[ROSE IRENE GREENE],GREENE
602566,BRADFORD,[],HAIT
859074,CARLA,[],HALVERSON
800471,PAUL,[],HANSON
236499,RICHARD,[DICK  HANSON],HANSON
704380,GERALD,[JERRY  HARNER],HARNER
712496,EDGAR,"[EDGAR WILLIAM HARRIS, TED  HARRIS III]",HARRIS
1170622,PHILIP,[],HARTWELL
1610672,TERRENCE,[TERRY  HAYDEN],HAYDEN
817805,ROBERT,"[BOB  HEWITT JR, ROBERT AUGUR HEWITT]",HEWITT
1071177,HARRY,[],HUDSON
1375554,James,"[JAMES HERBERT HUNT IV, JAMES HERBERT HUNT, JIM  HUNT]",Hunt
842008,DAVID,[],IRWIN
1163851,JOHN,[JOHN  JENKINS],JENKINS
1542918,ROGER,[],JOHNSON
262231,MELVIN,[],JORY
864688,ELIZABETH,[ELIZABETH JEAN MCCARTHY],KABANEK
266437,KENNETH,[],KELLAR
851062,MICHAEL,[MIKE  KILEY],KILEY
272005,ALLEN,[],KLOSOWSKI
1371954,JACQUELINE,[JACQUELINE PATRICIA LINDA LALONDE],LALONDE
1538323,WILLIAM,[],LANG
306332,BARRY,[],LEMAY
1599817,PETER,[],LLOYD
1057603,DENNIS,[],LOEHR
1375313,MARY,[MARY ELLEN HELLER],LYNCH
322730,DOUGLAS,[DOUG  MATHES],MATHES
1008245,JUDITH,"[JUDITH  ARBINI, JUDY  ARBINI, JUDITH ANN GUILBERT, JUDY  GUILBERT, JUDITH A MATHES]",MATHES
1584788,PETER,[],MCKINNON
721477,STANLEY,[STANLEY LESTER MEAD],MEAD
330808,FLETCHER,[],MEANS
1139122,PATRICIA,"[PATRICIA M BOOMGAARDEN, PATRICIA MARYEA BOOMGARDEN, PATRICIA  GILLESPIE]",MEANS
1051220,CARL,[],MEHL
723108,GEORGE,[GEORGE W MELBROD JR],MELBROD
1140197,Rafael,"[RAFAEL  MELENDEZ JR, RAFAEL  MELENDEZ]",Melendez
333526,FRED,[],MICHAELIS
806910,GARY,[],MILLER
1634769,MAX,[DENNIS  MIRACLE],MIRACLE
1476310,PETER,[],MOFFETT
864618,JANICE,[JAN  MONCIER],MONCIER
1219059,MICHAEL,[],MULVIHILL
1037583,GRANT,[],NICHOLLS
1384330,PAUL,[],NICHOLSON
854439,JEROME,[],NOLAN
354510,EDWIN,"[ED  OVIATT II, ED  OVIATT, EDWIN N OVIATT II]",OVIATT
843653,JOHN,[JOHN M PACELLI],PACELLI
1376151,JOSEPH,"[BILL  PEZICK, J WILLIAM PEZICK]",PEZICK
856549,GARY,[GARY E PIA],PIA
363061,JOSEPH,[],PICKERING
1187269,MICHELLE,"[MICHELLE DONNA PHILLIPS, MICHELLE DONNA PORTNEY]",PORTNEY
1106657,GEORGE,[],POSADA
825814,BRIAN,[],PRENDERGAST
857060,STEPHEN,[],PROUT
1410302,LAWRENCE,[LARRY  PROZAN],PROZAN
1680869,WILLIAM,"[BILL  PYKA, WILLIAM W PYKA]",PYKA
372459,DONALD,[],REED
1008563,JEFFREY,[],ROSE
404536,NORMAN,[NORMAN M ROSENBLUM],ROSENBLUM
717926,Patricia,"[PATRICIA ANN MECKLENBURG, patricia ann ross]",Ross
408339,WALTER,[WALT  RYAN],RYAN
409582,THEODORE,[TED  SALTZMAN],SALTZMAN
1091781,ROCKNE,"[ROCKY S SCHATZ, ROCKY  SCHATZ]",SCHATZ
1022648,FRED,[],SCHLUEP
1432690,STEVEN,[],SCHMITZ
414948,JOSEPH,"[JOE  SCHOPEN, JOSEPH J SCHOPEN, JOSEPH JEREMIAH SCHOPEN SR, JOSEPH  SCHOPEN]",SCHOPEN
1394814,DAVID,[],SCHRADER
1045295,SHARON,"[SHARON KAY LARSON, SHARON  LARSON, SHARON K SEIFERT, SHARON KAY SEIFERT MS., SHARON LARSON SEIFERT]",SEIFERT
854437,ANN,[ANNMARIE SHEEHAN MATHIAS],SHEEHAN
823812,ELLEN,[ELLEN E SHELL],SHELL
1028461,WINSTON,[WINSTON CARTWRIGHT SHEPPARD],SHEPPARD
238666,MARIE,"[MARIE WALTER HART, MARIE  HART, MARIE WALTER HARTSILVERMAN, MARIE  WALTERS]",SILVERMAN
1413447,VICTORIAANN,"[VICTORIAANN  MORRIS, VICTORIAANN  TACHEIRA, VICTORIAANN  WICKBOLDT]",SPERBECK
1443050,STEVEN,[STEVE  SPITTS],SPITTS
1056283,DAVID,[DAVE  STULL],STULL
1370406,LAURA,"[LAURA THERESA GORDON, LAURA THERESA GRADEN]",SWORD
1219010,ROLF,[],TRAUTSCH
1079871,GENE,[Gene  Valentine],VALENTINE
452819,ANDREW,[],VANDERZWAAG
1380554,LARRY,[],WALTZ
460897,CRAIG,[],WEBER
461004,NORMAN,[NORM  WEBER],WEBER
461585,CHRISTOPHER,[KIT  WEIL],WEIL
470488,STANLEY,[],WISE
1258673,EILEEN,"[EILEEN ANNE HOPLEY, EILEEN  ANNE LIVERS, EILEEN ANNE PRINGLE]",WRIGHT
1127213,BETTY,[],YAMAGUCHI
476238,KENNETH,[KEN  ZELLMER JR],ZELLMER
1660255,ALI,"[ALI  ABAULRAHMAN, ALI  ABDULRAHMAN, PHILIP D BENSON, PHILIP O BENSON]",ABDUL-RAHMAN
2430761,BYRON,[BYRON ANTHONY ABRAHAM],ABRAHAM
1922799,JOSEPH,[JOE  ABRAMOWICZ],ABRAMOWICZ
1137018,MARK,[MARK STEVEN ABRAMS],ABRAMS
1699589,ERIC,[ERIC LAWRENCE ABRAMSON],ABRAMSON
714719,KAZIM,[],ACAR
2311523,TIMOTHY,[TIMOTHY  ACKERMAN],ACKERMAN
2480113,GLEN,[GLEN THOMAS ADAMS],ADAMS
1138918,JERRY,[JERRY FRANCIS ADAMS],ADAMS
2785145,JONATHAN,[],ADKINS
1102075,JEFFREY,[],ADLER
2826809,KEVIN,[KEVIN  AFNAN],AFNAN
1706754,IRA,[],AGUADO
1365376,LOUIS,[LOU  AIDALA],AIDALA
1423268,AIDA,"[ADELAIDA RAMOS AINZA, ADELAIDA ENCARNACION RAMOS]",AINZA
1896027,HARVEY,[],ALBERG
1059398,ROBERT,[ROERT BRADLEY ALDERFER],ALDERFER
2476105,LORRAINE,"[LORRAINE  ALESSI, T LORRAINE ALESSI]",ALESSI
3200,DAVID,[DAVID BENNETT ALLEN],ALLEN
2681369,TIMOTHY,[TIMOTHY ROBERT ALTEPETER],ALTEPETER
1003595,HARVEY,[],ALTER
3008824,JOHANNA,[JOHANNA LEE WILSON],ALTER
1266012,SCOTT,[SCOTT JEFFREY ALTERS],ALTERS
1002871,RICK,[],ALTHOFF
2370515,JOSEPH,[JOE  ALTOBELLO],ALTOBELLO
1156623,NANCY,[NANCY JANE LORIMER],AMALFITANO
859012,JAY,[],AMBROSON
1736286,ROBERT,[BOB  AMBROZY],AMBROZY
806353,DANIEL,"[DAN  ANDERSON, DANNY  ANDERSON]",ANDERSON
2070222,JOHN,"[EFTIN JOHN ANDRAOS, JOHN  ANDRAOS]",ANDRAOS
1992069,KEVIN,[KEVIN S ANDREWS],ANDREWS
858257,WILLIAM,[WILLIAM J ANGARANO],ANGARANO
6483,T,"[T/ JACK ANTTONEN MR., THOMAS JACKSON ANTTONEN]",ANTTONEN
1937172,MICHAEL,[MICHAEL  APOSTOL],APOSTOL
2521233,GLENN,[GLENN JEFFREY ARONS],ARONS
2988928,WARNER,[ARTHUR H WARNER],ARTHUR
1335916,PAUL,"[PAUL FREDERICK ARUTT, PAUL  ARUTT]",ARUTT
1657652,DANIEL,[DAN  ASHBAKER],ASHBAKER
2416199,RICHARD,[RICHARD EUGENE ASHLEY],ASHLEY
2240499,RICHARD,"[DICK  ATHA, RICHARD  ATHA]",ATHA
834477,HAROLD,[H CLARK AUSTIN],AUSTIN
1659398,DEVRIN,[],AVANT
1386018,GEORGE,[GEORGE D AVANT JR],AVANT
1028024,Charles,[CHARLES JOSEPH CALDWELL],Avatar
2204817,PAUL,[],AVENIUS
1859408,MICHAEL,[],AVES
2836977,robert,[ROBERT CHARLES AZIZ],aziz
2882847,CHAIM,[],BABAD
2544347,MARK,[MARK A BADAMI],BADAMI
2281309,PAOLO,[PAUL  BAGNATO],BAGNATO
10922,SAMUEL,[],BAKER
2341553,MARK,[],BAKKER
2078217,PETER,"[PETE  BALDINI, PETER A BALDINI]",BALDINI
1613847,RICKY,"[RICK  BANDERMAN, RICKY AUGUSTUS BANDERMAN]",BANDERMANN
2551595,BRENT,[],BANKER
1244713,HANS,[],BANZIGER
2469945,Virginia,[VIRGINIA LESLEY BUSSARD],Barausky
2598920,CHRISTOPHER,[],BARBER
1571020,RALPH,[],BARDEN
2164079,MARK,[],BARINGER
1751322,MADELYN,"[MADELYN  BADILLO, MADELINE  BARKER, MADELYN  FRIZALONE, MADELYN  SHOKOUFANDEN]",BARKER
2060454,TIMOTHY,"[TIM  BARNARD, TIMOTHY SCOTT BARNARD]",BARNARD
1541049,IRA,[],BARNETT
1071400,BEVERLY,"[BEV  BARR, BEVERLY  PAYTASH]",BARR
1789696,RONALD,[RONALD C BARSHOP],BARSHOP
1404262,DAVID,[],BARTEE
13891,HARRY,[],BARTH
1435353,Robert,"[BOB  BASHAM, ROBERT L. BASHAM, ROBERT LEE BASHAM JR, ROBERT  BASHAM, ROBERT L BASHAM JR., Robert Lee Basham, Robert  Basham Jr.]",Basham
1854916,JEFFREY,[JEFFREY PAUL BOSIK],BASIK
2507059,DARYL,[DARLY LAVAUGHN BATTS],BATTS
4297384,KEITH,[],BAXTER
2764171,DAVID,[DAVID  BEACH],BEACH
6007008,EDWARD,[],BEATON
2289087,BRIAN,[],BECK
1522450,JOSH,[],BECKER
723650,LOUIS,[],BECKERMAN
2237189,JAMES,[],BECKMAN
711291,LELAND,[],BEIGEL
2345944,BARRY,"[BARRY R BEKKEDAM, BARRY  BEKKEDAM]",BEKKEDAM
1114403,WILLIAM,[BILL  BENISCH],BENISCH
722759,LAWRENCE,[LARRY  BENSMAN],BENSMAN
2457261,SHELDON,[],BERCH
2401061,BART,[],BERRETTA
20804,DAVID,[],BEYDA
1282685,RABINDRA,[ROBIN NATH BHATTACHARYA],BHATTACHARYA
2353538,MICHAEL,"[MICHAEL BILL BILL, MICHAEL L BILL]",BILL
2001328,BRIAN,[BRIAN C BIRCHELL],BIRCHELL
21846,RONALD,[],BIRDSALL
2382580,RONALD,[],BIRNBAUM
1578015,CARMINE,[CARMINE A BISCARDI],BISCARDI
2186558,CHRISTOPHER,[CHRIS  BLACK],BLACK
1059095,DONALD,[],BLACK
2937026,GREGORY,[],BLACKBOURN
1009371,ALAN,[],BLECKER
5746964,JONATHAN,[],BLEVINS
1639722,MARK,[],BLOCK
1203578,BARRY,"[Barry R Bode, Barry  Bode]",BODE
1912461,LAWRENCE,[],BOGAR
1377904,JAMES,[JAMES JOSEPH BOGGS],BOGGS
1874727,LARRY,[],BOGGS
1534308,ANTHONY,[ANTHONY JOSEPH BONANNO],BONANNO
1486209,EDWARD,"[ED  BOND, EDDIE  BOND, EDWARD NATHAN JR BOND]",BOND
1286227,ROBERT,[BOB  BONICH],BONICH
2061819,STEVEN,[],BONNER
25927,LAWRENCE,[LARRY F BOORD],BOORD
1906145,JAMES,[],BOOTH
733645,SCOTT,[],BORDELON
1785930,MARTHA,"[MARTY  BOREN, MARTHA SUE JOHNSON]",BOREN
2539144,PAUL,[PAUL STEVEN BOSNYAK III],BOSNYAK
26855,JAMES,[],BOUDREAUX
2813089,JIMMY,"[JIMMY S BOWEN, JIMMY STACEY BOWEN, JIMMY  BOWER]",BOWEN
1581343,GREGORY,[GREG  BOWSER],BOWSER
27719,ROBERT,[LEE  BOYD],BOYD
722363,RONALD,[],BOYETTE
28346,THOMAS,[TOM  BRADLEY],BRADLEY
2300353,JOHN,[],BRAMLEY
2434521,CHRISTIAN,[],BRAND
2601068,SHAWN,[],BREEN
805832,FRANCIS,[FRAN  BRENNAN],BRENNAN
1287236,JOHN,[],BRESCIA
1566763,RICHARD,[],BROADBENT
2254104,ANTHONY,[ANTHONY R BROOKS],BROOKS
1436821,JOHN,[],BROSIUS
2238374,DAVID,[],BROWN
1057438,JOAN,"[JOAN WEAVER HASSELL, JOAN  NAGROD]",BROWN
32593,KENNETH,[],BROWN
32725,MICHAEL,[],BROWN
1899648,SCOTT,[],BROWN
33129,WILBUR,"[STEVE  BROWN, W. STEVE BROWN]",BROWN
728873,DENNIS,[DENNIS P BROWNE],BROWNE
1972136,Bryan,[],Bruce
33418,DAVID,[DAVID C BRUCE],BRUCE
3178981,PAUL,[PAUL R BRUNNER],BRUNNER
1421275,RANDY,[],BRUNSON
1143779,DARRELL,"[BUCK  BUCHWALD, DOC  BUCHWALD]",BUCHWALD
860477,DENNIS,[],BUCKLESS
2094962,RONALD,"[RON  BUCKLEY, RONALD LEE BUCKLEY, RONALD  BUCKLEY]",BUCKLEY
5002088,DANIEL,[DANIEL L BULAWA],BULAWA
1056849,HOWARD,"[HOWDY  BUNCH JR, JR HOWARD RAYMOND BUNCH]",BUNCH
2102270,THOMAS,[],BUONO
1742646,JAMES,[JIMMY  BURKE],BURKE
2653826,JOSHUA,[],BURNIE
4581950,TAMMY,[TAMMY LEE SCHEFFLER],BURNS
2161151,JOHN,"[JOHN HARRISON BURT JR, JOHN HARRISON JR BURT]",BURT
2049318,VERONICA,[RONNIE  BUSTAMANTE],BUSTAMANTE
2128753,KIM,"[KIM DIANE HAYS BUTLER, KIM  HAYS]",BUTLER
2968593,MICHAEL,[MIKE  BUTLER],BUTLER
2965709,KENNETH,[KEN  BUTZE],BUTZE
1965954,DAVID,[],BUYS
2837882,MARKHAM,[],CALDWELL
2203707,CHARLES,"[CHARLES HUBERT CALHOON, CHIP  CALHOON, CHIPPER  CALHOON IV, CHIPPER  CALHOON]",CALHOON
2308918,KEITH,"[KEITH SCHEMBRI CALIL, KEITH  SCHEMBRI]",CALIL
1458128,THOMAS,[THOMAS RANDLE CALLAWAY],CALLAWAY
2046032,WILLIAM,"[W. CULLEN CALLAWAY, W. CULLEY CALLAWAY]",CALLAWAY
1037333,ALLEN,[],CANNON
1363880,PAUL,[TOM  CANTRELL],CANTRELL
2716835,SCOTT,[],CAPONE
719816,VINCENT,[],CAPOZZI
1375074,Michael,[Michael Anthony Caputo],Caputo
1489347,KEVIN,[],CARBIN
40337,WALTER,[],CARDINET
1737778,PETER,[],CARLSON
1923976,TIMOTHY,[],CARNEY
2835278,DAVID,[],CARR
1121524,JAMES,"[JAMES MARVIN CASWELL III, JIM  CASWELL III]",CASWELL
868492,LAWRENCE,"[LARRY  CATALLO, LAWRENCE G CATALLO]",CATALLO
1609777,STEVEN,[],CATANZARO
2534467,ANDREW,[],CAVALIERE
1348724,ROY,[ROY P CAVAZOS JR],CAVAZOS
1346570,WILLIAM,[BILL  CERICOLA],CERICOLA
2149171,PATRICK,[],CHAPIN
1087730,GWENDOLYN,"[GWENDOLYN DAWN BIGGS, GWENDOLYN DAWN CHATHAM, GWENDOLYN  CHATHAM, GWENDOLYN  RENCHER]",CHATHAM
1217514,WILLIAM,[WILLIAM THOMAS CHATHAM],CHATHAM
2956167,BART,[],CHRISTENSEN
1299377,MARK,[],CHRISTIAN
1102366,ERIC,[],CHRISTIANSEN
1433347,PAUL,[CHRIS  CHRISTOFFERS],CHRISTOFFERS
1485262,FRANK,[FRANCIS J CILENTO],CILENTO
2996218,JOHN,"[JOHNNY  CINSE, JOHN T CISNE]",CISNE
2989367,DEBORAH,[],CLARK
1239276,KATHARINE,"[KATHERINE FOWLER CLARK, KATHERINE FOWLER SCHUCHMANN, KITTY  SCHUCHMANN]",CLARK
1048942,JOHN,"[JACK  CLARKE JR, JOHN JOSEPH CLARKE JR.]",CLARKE
48236,JOHN,[],CLAY
1350253,ROBERT,[],CLAYTON
1657637,THOMAS,[],CLEM
2537734,RUSSELL,[],CLIFFORD
1505020,CHARLES,[CHARLES R COBB],COBB
1196853,GEORGE,[GEORGE JOSEPH COBB JR],COBB
1923707,ROBERT,[ROB  COLETTA],COLETTA
854155,DANIEL,[DANNY  COLLINS],COLLINS
3091272,KEITH,"[KEITH D COLLINS, KEITH  COLLINS]",COLLINS
51651,THOMAS,[],COMBS
725892,DANIEL,[],COMPAIN
4895709,TY,[TY  CONDER],CONDER
1868118,PETER,[PETER PAUL CONGILOSE],CONGILOSE
1969380,JAMIE,[JAMIE  PRUKOP],COOKE
2704429,CHARLES,[CHUCK  COOPER],COOPER
1256315,PETER,[Stephen Peter Coopersmith],COOPERSMITH
1164287,LAWRENCE,[LARRY CHARLES COPELAND],COPELAND
1059839,FRANK,[],COSNAHAN
1896103,JAMES,[],COSTIGAN
2103361,DANIEL,[],COTTON
1934332,WILLIAM,[],COTTON
55582,LLOYD,[],COWAN
1727499,KERRY,[],COX
2148069,DAVID,[],COYMAN
1904476,HORACE,[MIKE  COZART],COZART
56235,JAMES,"[CLARK  CRAIG, JIM  CRAIG]",CRAIG
1334510,David,"[DAVE  CRANE, DAVID LAWRENCE CRANE]",Crane
1283473,THERESA,"[THERESA ANN CRESCENZI, THERESA  CRESCENZI]",CRESCENZI
2805537,Norm,"[NORMAN D CRISOSTOMO, NORMAN DINDO CRISOSTOMO]",Crisostomo
851487,JOSEPH,[],CROCKETT
1427896,THOMAS,[],CRONIN
4416047,ERIC,[],CRUM
713326,ANTHONY,"[ANTHONY RAYMOND CUCINOTTA, TONY  CUCINOTTA]",CUCINOTTA
58419,THOMAS,[],CULLEN
710021,BARBARA,"[BARB  CULVER, BARBARA ANN KALBFLEISCH]",CULVER
58526,BUNA,[BUNA BISHOP CUMBIE II],CUMBIE
1307615,REYNOLD,"[REY  CURRIER, REYNOLD ARTHUR CURRIER, RICK  CURRIER]",CURRIER
2164322,ROBERT,[BOB  CURRY],CURRY
1011587,RICHARD,"[RICHARD LOUIS DARMINIO, RICK  DARMINIO]",D'ARMINIO
831148,RICHARD,"[DICK  DALTON, DICKIE  DALTON, RICARDO  DALTON]",DALTON
1594844,NEIL,[NEIL G DAMATO],DAMATO
1618632,ROBERT,[],DAMATO
854101,DOUGLAS,"[DOUGLAS K DANIELS, DOUGLAS KENNETH DANIELS]",DANIELS
60823,DONALD,[DONALD R DANN],DANN
3088863,CHRISTOPHER,[CHRISTOPHER D DANTIN],DANTIN
1356986,DENNIS,[],DAUTREMONT
1406996,PAUL,[PAUL ALLEN DAVIDSON],DAVIDSON
5583513,HARRY,[],DAVIS
2336295,MICHAEL,[],DAVIS
720638,JOSEPH,"[JOSEPH HUTCHINSON DEATCHER, JOSEPH SCOTT HUTCHINSON DEATCHER, SCOTT  DEATCHER]",DEATCHER
1005484,MICHEL,"[MICHAEL BOYCE DECHADENEDES, MIKE  DECHADENEDES]",DECHADENEDES
1051820,ROBERT,[],DEFREZE
850890,NEEL,[NEEL R DEKLE],DEKLE
711080,MICHAEL,[MICHAEL RAYMOND DELIA],DELIA
2186538,DINA,"[DINA MARIE MAHON, DINA MARIE SILVESTRI]",DELRE
819578,RICHARD,[],DEMEREE
1694890,THOMAS,[TOM  DENHAM],DENHAM
1975352,KIMBERLY,"[KIMBERLY DIANE HUMES, KIMBERLY DIANE SCHMIDT]",DENNY
2046322,JOHN,[],DEPRIMO
853997,VIJAY,"[VIJAY D DESHPANDE, VIJU  DESHPANDE]",DESHPANDE
1980640,ANTHONY,[],DESTEFANO
1591522,LAWRENCE,"[LARRY JEFFREY DEVASTO, LARRY  DEVASTO]",DEVASTO
2667392,Arni,[Arni Jay Diamond],Diamond
1122943,ANTHONY,[TONY  DIAZ JR],DIAZ
873736,ROBERT,[],DIBLE
2774724,DAVID,[DAVID STEPHENS DICKENSON],DICKENSON
1655242,G,"[G SCOTT  DIDDEL, GREGORY SCOTT DIDDEL, SCOTT  DIDDEL]",DIDDEL
2070263,RONALD,[],DIEHL
1803013,MARK,[],DIGIACOMO
1991688,Michael,"[MICHAEL J DIPAOLO, MICHAEL JAMES DIPAOLO]",DiPaolo
1185632,DOUGLAS,[DOUG  DOBSON],DOBSON
2466065,Matthew,[MATTHEW RAYMOND DOERING],Doering
4546729,JOSEPH,"[JOSEPH A DOHERTY JR., JOSEPH A DOHERTY, JOSEPH A. DOHERTY JR, JOSEPH A DOHERTY JR]",DOHERTY
1018583,MARK,[],DONATO
3259192,MATTHEW,[],DONOVAN
2647985,John,"[JOHN B DORAN, JOHN BURNS DORAN]",Doran
1399900,PAULA,"[PAULA L DORION, PAULA  DORION, PAULA L DORIONGRAY, PAULA LAURETTA DORIONGRAY, PAULA L SHINNERS]",DORION-GRAY
1792948,JAMES,[],DOWNING
2988950,MAURICIO,[],DRESDNER
816274,JOHN,[JOHN MICHAEL DRISCOLL],DRISCOLL
72298,ROY,[],DRURY
1893332,THOMAS,"[THOMAS R. DUENSING, TOM  DUENSING]",DUENSING
1086614,TROY,[],DUGO
2091676,JOSEPH,"[JOE  DUNN JR, JOSEPH A DUNN]",DUNN
3026578,JOHN,"[JOHN J DWYER, JOHN JOSEPH DWYER JR.]",DWYER
2475338,KENNETH,[],EALA
5444758,Jason,"[Jason Dean Earl, Jason  Earl]",Earl
2174237,RD,[R D EASTERLING],EASTERLING
1596961,CURTIS,[],EDMARK
2339956,DENNIS,[],EDMONDS
1359546,RICHARD,[],EGGER
1488381,NELSON,[],EHINGER
2807870,SAMUEL,[],EHRENTHAL
76464,JULES,[],EINHORN
76516,FRANK,[],EISELE
2834026,ALAN,[],EISENSTEIN
1934328,ABRAHAM,[],EKSTEIN
1243318,WILLIAM,[],ELDRIDGE
865550,MICHAEL,[],ELLER
200376,JAMES,"[JAMES  ELLIS, JIM  ELLIS]",ELLIS
5196630,JAMES,[JIM  EMANUEL],EMANUEL
2071921,RICHARD,"[RICHARD JOSEPH ENNA, RICK  ENNA JR]",ENNA
1958252,JOHN,[],ERNST
1378881,Randal,[],Espey
1426382,JOSE,[],ESPIN
202652,SAMUEL,[],ETZE
1056489,EUGENE,[],EUSANIO
837870,DAVID,[],EVANS
2724463,ROBERT,[],EVANS
3004024,BRIAN,[],EYSTER
2572737,STEPHEN,[],FABERMAN
851052,ALAN,"[ALAN P FABRICANT, ALAN  FABRICANT]",FABRICANT
1746538,JOHN,"[JACK  FAHNESTOCK JR, JACK  FAHNESTOCK, JOHN ALISON FAHNESTOCK JR, JOHN ALISON FAHNESTOCK, JOHN ALISON FAHNESTOCKJR]",FAHNESTOCK
4040432,Nathan,"[NATE  FAIR, NATHAN JOSEPH FAIR]",Fair
1575720,MICHAEL,[],FARRAND
1100966,GREGORY,[],FELDEN
1253173,KENNETH,"[KENNETH R FEMIANO, KENNETH  FEMIANO]",FEMIANO
4125070,MICHAEL,"[MICHAEL P FENNESSY, MIKE  FENNESSY, Michael  Fennessy]",FENNESSY
2070178,Richard,"[RICHARD MICHAEL FERAULO, Richard  Feraulo]",Feraulo
1634107,THOMAS,[THOMAS GEORGE FERRARA],FERRARA
1094795,TIMOTHY,[TIM  FERRIS],FERRIS
1916778,MICHAEL,[MICHAEL ANTHONY FERRONE],FERRONE
1156136,MARK,[],FEUERBERG
2512493,MICHAEL,[MIKE  FIDLER],FIDLER
1581439,ROBERT,"[ROB  FIELD JR, ROBERT LEE FIELD]",FIELD
2124630,STANLEY,[],FILIMON
2088792,RANDY SCOTT,[RANDY SCOTT FINE],FINE
736467,BARRY,[],FINKELSTEIN
1054238,FREDERICK,[FREDERICK E FISCHER],FISCHER
2828203,JOHN,[],FISHER
3153539,MARK,[],FISHER
2096326,DEBORAH,"[DEBRORAH LYNN FITZGERALD, DEBORAH LYNN GILBERT, DEBORAH LYNN MARTIN]",FITZGERALD
1703675,JOHN,"[JOHN CHARLES FLAHERTY JR, JOHN  FLAHERTY]",FLAHERTY
1036579,ROBERT,[],FLAYHART
2692080,MARK,[FLETCH  FLETCHER],FLEKSHER
1352098,MICHAEL,[],FLIEGELMAN
2706423,MICHAEL,[],FLOWER
1732781,THOMAS,"[TIM  FLYNN, TOM  FLYNN]",FLYNN
1682642,DORAN,[],FOLLIS
1279726,FRANK,[],FORBES
2611358,PAUL,"[PAUL CHRISTOPHER FORBRICH SR, PAUL  FORBRICH]",FORBRICH
1649604,BRADLEY,[BRAD  FORD],FORD
1003745,JEFFREY,[JEFF  FORREST],FORREST
211750,HAROLD,[],FOSTER
2209490,JOHN,[JOHN SCOTT FOSTER],FOSTER
2420717,DEBRA,[DEBRA ANN WATTS],FOURNIER
814251,SHELDON,[SHELDON BRUCE FUCHS],FOX
1406350,PATRICK,[],FRANCISCO
2649435,PINCUS,[],FRANKEL
1370036,GERALDINE,"[GERALDINE CASTLEBERRY FRANTZ, GERRY  FRANTZ]",FRANTZ
600660,JAMES,[],FRATELLO
1373072,ROBERT,[],FRATESI
2570303,ALAN,[],FREI
1701784,RALPH,"[RALPH C FREIBERT III, RALPH CARROLL FREIBERT]",FREIBERT
1234504,JOHN,[],FRICK
214435,HAROLD,[HAROLD I FRIEDER],FRIEDER
1107393,STEPHEN,[STEVE  FRIEDMAN],FRIEDMAN
2330512,JASON,"[JAKE  FULLER, JAS  FULLER, JAY  FULLER]",FULLER
2840605,CHRISTOPHER,[CHRIS  FULLERTON],FULLERTON
3153220,ANDREW,"[ANDREW D GAENICKE, ANDREW  GAENICKE]",GAENICKE
3091938,MATTHEW,[],GAGLIO
216408,SALVATORE,[SAL  GAGLIO],GAGLIO
1657925,DANIEL,[DAN  GALLAGHER],GALLAGHER
3068551,GILBERT,"[GILBERT A JR GALLANT, GILBERT  GALLANT]",GALLANT
1145399,MICHAEL,[],GALLO
1358795,HENRY,[],GARCIA
877625,CHARLES,"[CHARLES C GARDINER, CHARLIE  GARDINER, CHUCK  GARDINER]",GARDINER
1504072,JOHN,[],GARDNER
2956878,GWEN,"[BARBARA G BUNCH, GWEN  HINSON, GWEN B LONG]",GARRISON
1189465,MARK,[],GARVEY
1500865,KEVIN,[],GARVIN
845016,STEVEN,[],GAVEY
840191,RONALD,[],GEFFNER
1432845,MATTHEW,[MATT  GEHERIN],GEHERIN
2450676,HOWARD,[],GENDEN
1436404,ANTHONY,[TONY  GENTRY],GENTRY
1913805,CHARMAINE,"[CHARMAINE THERESE GARR, CHARMAINE  GARR, CHARMAINE T GEORGE, CHARMAINE THERESE GEORGE MS., CHARMAINE THERESE GEORGE, CHARMAINE THERESE SOCHUREK, CHARMAINE  SOCHUREK]",GEORGE
221406,DAVID,[],GERSTENBLATT
2160009,JAMES,[JAMES LOUIS GIANGRADE],GIANGRANDE
2503043,JOSEPH,[JOSEPH ANTHONY GIANNINI],GIANNINI
2262141,BRADLEY,[],GIBSON
1694647,GREGORY,[GREG  GIBSON],GIBSON
1274821,HERMAN,[],GIBSON
2475155,LUCIO,[],GILIBERTI
1802595,JAY,[],GILSTON
1398674,MICHAEL,[],GIOKAS
222319,JOSEPH,[JOSEPH GERARD GIORGIO],GIORGIO
1282251,JOHN,[JOHN TONY GLOWKO],GLOWKA
706380,ROGER,[],GODFREDSEN
223898,CLYDE,[],GOLDBERG
223902,DAVID,[DAVE  GOLDBERG],GOLDBERG
223948,ISAAC,[],GOLDBERG
224070,ARTHUR,[],GOLDBLUM
224606,MELVIN,[],GOLDSTEIN
1196268,BRUCE,[],GOLGOWSKI
3012180,JAY,[],GOMEZ
1624072,CHARLES,[CHARLES MANUEL GONZALEZ],GONZALEZ
839569,FREDRIC,[FREDRIC E GOODMAN],GOODMAN
2976321,MICHAEL,[],GORGONE
1376173,DAVID,[],GORKA
1473148,WILLIAM,"[BILL  GORMAN, WILLIAM MARK GORMAN]",GORMAN
1322756,GLEN,[],GOTCSIK
824311,RAYMOND,[],GRAMLICH
2425719,DAVID,[],GRAUEL
1786694,GEORGE,[],GRAVENSTINE
1722594,LISA,"[LISA M GRAVES, LISA  MARTEL]",GRAVES
1051975,Charles,"[CHARLES BORDEN GRAY, CHARLIE  GRAY]",Gray
228577,MILTON,[],GREEN
853296,JEFFREY,[JEFFREY LOU GREENBERG],GREENBERG
1106306,JOEL,[],GREENBERG
2113977,JOEL,[JOEL  GREENBERG],GREENBERG
230605,JAMES,[],GROGAN
1027683,DAVID,[DAVID WILLIAM GROOM],GROOM
2474716,GARY,"[GARY BENJAMIN GROSS, GARY  GROSS]",GROSS
2894122,TOVIA,[],GROSS
1366267,WILLIAM,[BILL  GROSS],GROSS
1885573,STEPHEN,[STEPHEN H GROW],GROW
1060369,THOMAS,[THOMAS WILFRED GUENTHER],GUENTHER
2922887,DOUGLAS,[DOUGLAS KENT GUERNSEY],GUERNSEY
1487320,Elwyn,"[ED  GUERNSEY, ELWYN DOUGLAS GUERNSEY, ELWYN DOUGLAS DOUGLAS GUERNSEY]",Guernsey
5687061,MARK,[],GUTERMAN
1322147,CHARLES,[MIKE  GUTHREY],GUTHREY
1989045,TIMOTHY,[],GUTHRIE
3008686,ALBERTO,[Tico  Gutierrez],GUTIERREZ
1429184,ANTHONY,"[ANTHONY L. GUZZETTA, TONY  GUZZETTA]",GUZZETTA
2151001,PAUL,[],HABIB
1486079,CARL,[],HAGMAIER
5807801,TYLER,[],HAGSTROM
1043385,RICHARD,[RICK  HAIMS],HAIMS
2537739,EDWARD,[],HALLERAN
2467185,AZIZ,[],HAMIDI
2660432,GARY,"[GARY W HAMMOND, GARY  HAMMOND]",HAMMOND
1425033,THERESA,[THERESA M BRANDT],HANNON
1838808,WILLIAM,[],HANSEN
2252466,MAUREEN,"[MAUREEN ELAINE HARKINS, MAUREEN ELAINE LIEN]",HARKINS
1313557,TIMOTHY,[TIMOTHY TODD HARMS],HARMS
1541750,DENNIS,[DENNIS L HARRIS],HARRIS
2516998,SCOTT,[],HARRIS
1106880,BLANCHARD,[BLANCHARD LEE (JR) HARRISON],HARRISON
1343742,PETER,[],HART
4075606,EVAN,[EVAN C. HARTE],HARTE
2335606,CRAIG,[],HARTMAN
1470013,Paul,"[PAUL J HAUSER, PAUL JOSEPH HAUSER, Paul  Hauser]",Hauser
1383460,LEE,[],HAWKINS
1108571,WAYNE,[],HEBERT
241364,ROBERT,[],HECKLEY
1250189,JOHN,[JOHN DOLEN HEDRICK],HEDRICK
1535132,CARL,[BUD  HEDSTROM],HEDSTROM
241507,GLENN,[],HEELAN
720480,THEODORE,[THEODORE JOSEPH HEIMBURGER],HEIMBURGER
1017651,ROBERT,"[BOB  HELD JR, JR ROBERT FORREST HELD]",HELD
2263370,STANLEY,"[STAN  HELM, STANLEY JAMES HELM]",HELM
1160413,Robert,"[ROBERT  HENDERSON JR, Robert  Henderson]",Henderson
2622427,THOMAS,[],HENDRICKS
243888,HENRY,[],HERMANN
1486926,THOMAS,[TOM  HERR],HERR
1089837,DONALD,"[DONALD V HERSHBERGER, DONALD V HERSHBERGER, CFP, DONALD V HERSHBERGER, CFP, CRC, DONALD V HERSHBERGER, JR CFP, DONALD V HERSHBERGER, JR, CFP, CRC]",HERSHBERGER
1149867,VIRGINIA,"[VIRGINIA L BURGE, JENNIE  HIBBS, JENNIE LEE SMITH]",HIBBS
1494399,JAMES,[JIM  HICKMAN],HICKMAN
839890,BRUCE,"[BRUCE R HICKS, BRUCE RAYMOND HICKS, CHIP  HICKS]",HICKS
2054213,DEBORAH,"[DEB  PATE, DEBBIE  PATE, DEBORAH JOY PATE]",HIGEL
2267157,DAVID,"[ANTHONY  HIGGINS, DAVID ANTHONY HIGGINS, DAVID J HIGGINS, DAVID JOSEPH HIGGINS, TONY  HIGGINS]",HIGGINS
1301379,JAMES,[],HILL
246314,LEE,[],HIMMELMANN
246464,W.,"[JACKIE  HINES JR, WALTER JACKSON HINES JR, W. JACKSON HINES JR JR, W.JACKSON JACKSON HINES JR JR]",HINES
805680,PATRICK,[],HOBERT
1183959,JAY,[JAY ERIC HOCHHEISER],HOCHHEISER
1641901,Awin,"[AL  HOGAN, ALWIN B HOGAN, ALWIN BURNS HOGAN]",Hogan
1872422,JOHN,[],HOGIN
1904035,ADAM,[ADAM WESNER HOLDEN],HOLDEN
2341082,DUEWAYNE,"[DUE WAYNE HANDLEY HOLLEY, TAG  HOLLEY, DUEWAYNE  TAG]",HOLLEY
1820767,PETER,"[PETER J. HOLMES, PETER JOHN HOLMES]",HOLMES
1611220,WILLIS,[],HOLMES
2429681,CHARLES,[CHUCK  HOLT],HOLT
1840992,JOHN,[],HOLZ
1727483,LOREN,[],HOLZHUETER
2867195,SHAUN,[SHAUN PATRICK HORAN],HORAN
1746252,BRIAN,[],HORIUCHI
2015174,JEFFREY,"[JEFF  HOWARD, JEFFREY DENNIS HOWARD]",HOWARD
251246,JOHN,[],HOWARD
2229244,JOHN,[JACK C HOWLEY],HOWLEY
1922129,BOBBY,"[BOB  HSIA, BOBBY  HSIA JR]",HSIA
2190528,RUSSELL,[RUSS E.  HUCKABA],HUCKABA
872332,HOWELL,"[HAL  HUGHES, HOWELL HARVEY HUGHES JR, Howell Harvey Hughes]",HUGHES
2872168,TIMOTHY,[],HUNT
2375483,RICHARD,[],HUPPERT
1742952,JESS,"[JESS WAYNE HURST, JESSE WAYNE HURST]",HURST
1648239,MARIANNE,"[MARIANNE  HANSON, MARIANNE  LAWARENCE, MARIANNE  LAWRENCE, MARIANNE  LAWRENCEPSPOLNIK, MARIANNE  SPOLNIK]",HUSAR
833210,KHANH,"[H C KHANH, HUYNH CONG KHANH]",HUYNH
1213167,ROBERT,"[ROBER PAUL IADEROSA, ROBERT P ROSE, ROBERT PAUL ROSE SR, ROBERT PAUL ROSE, ROBERT  ROSE]",IADEROSA
2937629,CARMEN,"[CARMEN  IAO, IOK SIM IAO, IOKSIM  IAO]",IAO
2473229,THOMAS,[],IERNA
254862,ACCURSIO,[JOE  INDELICATO],INDELICATO
2364196,GARY,[GARY B INDIANER],INDIANER
1672182,STEVEN,[],IPPOLITO
1868404,JEFF,[JEFF WILLIAM ISRAEL],ISRAEL
1264724,MATTHEW,"[MATHEW MICHAEL JACOB, MATTHEW M JACOB, MATTHEW MICHAEL JACOB]",JACOB
708198,MARK,[MARK A JARES],JARES
2425966,MARC,[Marc  Jarman],JARMAN
1190115,RICHARD,[RICHARD WARREN JASPER],JASPER
2255022,MICHAEL,[],JASUTA
258732,DENNIS,[],JOANNIDES
2712955,ANTHONY,"[ANTHONY R JOHNSON, ANTHONY ROBERT JOHNSON, TONY  JOHNSON]",JOHNSON
1310461,MICHAEL,[MIKE  JOHNSON],JOHNSON
2328100,SAMMY,[SAM  JOHNSON],JOHNSON
1559039,ALAN,[],JOHNSTON
2174214,CHRISTOPHER,[DAYTON  JONES],JONES
2102554,EDWIN,"[KEITH  JONES, E. Keith  Jones]",JONES
3031365,ERIC,[],JONES
1402217,HARRISON,[HARRY  JONES],JONES
1022409,HERMAN,[],JONES
1320040,MICHAEL,[],JONES
2296192,R,[ROBERT BARRY JONES],JONES
1248379,DONNA,[DONNA LONG JORDAN],JORDAN
2081644,GENE,[],JORDAN
2397903,DONALD,[JOYAL],JOYAL
1112928,DANIEL,[Daniel Vincent Joyce],JOYCE
2032940,JAMES,[],JURCZAK
1202355,CHARMAINE,"[CHARMAINE VALIOS KAES, CHARMAINE VALOIS PALYS, CHARMAINE ANN SCHUE, CHARMAINE ANN VALOIS]",KAES
1311500,GARY,[GARY KATSUMI KAGIMOTO],KAGIMOTO
2732309,LAURENCE,[],KAHN
2390007,Kevin,[KEVIN JOHN KAISER],Kaiser
1327022,NEAL,[],KAISER
2455833,JOHN,[JOHN N JR KALIL],KALIL
840414,DAVID,[DAVID E LYTIKAINEN],KANNEN
2868011,SCOTT,[],KARL
2724121,PAUL,[],KARLITZ
1751293,JOSEPH,[],KASMARK
720992,MITCHELL,"[MITCHELL ANDREW KATZ, Mitchell A Katz]",KATZ
2223851,WILLIAM,[WILLIAM  KATZ],KATZ
3059639,ROBERT,[BOB  KAWA JR],KAWA
266783,THOMAS,[THOMAS BASIL KELLEY],KELLEY
267320,ALBERT,[AL  KELSEY],KELSEY
1280887,V,"[V CULLEN KEMPSON, Voigt C Kempson III]",KEMPSON
1070841,MICHAEL,[],KENNEDY
2648607,TRACY,[TRACY MATTHEW KENNEDY],KENNEDY
1653062,ROBERT,"[BOB WALKER KENNY, BOB  KENNY]",KENNY
1830169,JAMES,[JAMIE  KENSLOW JR],KENSLOW
1324495,TIMOTHY,[TIM  KENYON],KENYON
2980989,KIRK,[],KEPPER
268401,MARTIN,"[M. L. KERNS, M. LANE KERNS, MARTIN LANE KERNS JR, MARTIN LANE KERNS]",KERNS
1454466,DILIP,[DILIP PRABHUDAS KHETANI],KHETANI
2028473,SCOTT,[],KIEPER
844299,MICHAEL,[],KILEY
2546802,FRED,[],KILGORE
1069268,MARY,[],KILP
4356895,DAMON,[],KIMBALL
1388207,GARY,[],KINDER
1076197,KARMEN,[],KINGSMORE
1190519,MICHAEL,[],KIRSH
1078020,PETER,[],KITZEROW
1048877,PETER,[],KIZIS
1139498,MICHAEL,[MICHAEL BRUCE KLARFELD],KLARFELD
2002978,MICHAEL,[MIKE  KLEIN],KLEIN
1745245,KEVIN,"[KEVIN BRIAN KLITZ, KEVIN  KLITZ]",KLEITZ
272634,RONALD,[RON  KNOWLES],KNOWLES
1349655,SANDRA,[],KOBEL
5212755,BRENDA,"[BRENDA MARIE REICHENBACH, BRENDA  REICHENBACH]",KOCHEL
1064959,MICHAEL,"[MICHAEL LOUIS (JR) KOLOJEJCHICK, MIDGE  KOLOJEJCHICK]",KOLOJEJCHICK
2169221,STEPHEN,[],KOSADNAR
2176454,DAVID,[DAVE  KOTOWSKI],KOTOWSKI
3137129,DAVID,[DAVID L KREINES],KREINES
1608713,ALAN,[],KRICHMAN
2011198,IGOR,[],KRISHTUL
1368158,JOHN,[],KRONER
2709262,THOMAS,[],KROON
1356947,Jonathan,"[JONATHAN SAMUEL KRUGER, Jonathan Sameul Kruger]",Kruger
2160475,MICHAEL,[],KUCERA
1104923,MICHAEL,[],KURLAND
2566712,GORDON,[],KUTZ
2424869,JOHN,[JOHN G KUYKENDALL],KUYKENDALL
2542673,ROWAN,[R ROSS LAMBERSON],LAMBERSON
1349906,CAROLYN,[],LAMBERT
2507811,ROLAND,[ROLY  LAMONTAGNE],LAMONTAGNE
1419354,WAYNE,[],LAMPLEY
2624804,Amanda,"[AMANDA RAE LANSDELL, AMANDA RAE WARREN, AMANDA  WARREN, MANDEE  WARREN]",Lansdell
1619405,CLAY,[CLAY B LANSILL],LANSILL
1193766,CAROL,"[CAROL HELEN EGNER, CAROL HELEN KROHN, CAROL HELEN NIENABER]",LARSON
2595527,PAMELA,[PAMELA  SCHWARTZ],LARSON
2293715,ROBERT,[BOB  LASINE],LASINE
1266923,MICHAEL,[],LATTOF
1526448,JAMES,"[JAMES PAUL LAUGHLIN SR, JAMES PAUL LAUGHLIN, JAMES SR.,JAMES LAUGHLIN SR.]",LAUGHLIN
2655117,SUSAN,[],LAULETTA
2432273,SCOTT,[],LAVALLEY
2356337,NANCY,[NANCY ANN GRIFFITHS],LAWTON
1985758,ROBERT,[ROBERT ALLEN LAX],LAX
1484511,JEFFREY,[],LAZAROU
2205091,JOSEPH,"[OSSIP JOSEPH LAZERSON, OSSIP  LAZERSON]",LAZERSON
1157595,FREDERICK,[FRED MORGAN LEE],LEE
2028183,SAMUEL,"[GENE  LEE, SAMUEL E LEE]",LEE
2208072,WILLIAM,[WILLIAM D LEE],LEE
1016301,Stephen,"[STEPHEN B LEITZELL, STEPHEN BRUCE LEITZELL, GERMANY  STUTTGART]",Leitzell
1338001,ROBERT,[],LEMBO
1752373,GENE,[GENE ARTHUR LEMOINE SR],LEMOINE
2611497,SHAWN LEIGH,[SHAWN LEIGH LEMP],LEMP
817645,RAYMOND,[RAY  LENT],LENT
1749775,JOHN,[JOHN WESLEY LENTZ],LENTZ
4795538,STEVEN,[],LEONARD
2167252,ROBERT,"[BOB  LEPSON, BOBBY  LEPSON, ROBERT D LEPSON]",LEPSON
1985755,ANDREW,[ANDY  LESNAK],LESNAK
714813,ROBERT,"[ROB  LESTER, ROBERT V LESTER, ROBERT  LESTER, Robert Vaughn Lester]",LESTER
854436,RICHARD,[RICK  LETELLIER],LETELLIER
715222,MARK,[],LEVIN
2564357,SCOTT,"[SCOTT D LEVIN, SCOTT DOUGLAS LEVIN, SCOTT  CFS D LEVIN, SCOTT D LEVIN CFS, SCOTT DOUGLAS LEVING]",LEVIN
2673251,PETER,[],LEVINE
2642393,JEFFREY,[JEFF  LEVITT],LEVITT
1018011,DAVID,[],LEWIS
811189,ELLIOTT,[],LEWIS
2788312,GARY,[],LEWIS
1730116,RICHARD,[],LEWIS
1858885,BERNARD,[],LHERISSON
2285566,NICHOLAS,[NICK  LIAPUNOV],LIAPUNOV
1859821,BRUCE,[],LIBMAN
2796241,REGINALD,[],LILLIE
1782540,JOHN,[],LIMPERT
1803278,MICHAEL,[],LINCOLN
1946050,JOHN,[],LINDROS
2095443,LENA,[LENA  MCSPADDEN],LINN
711683,KEVIN,[KEVIN ALLEN LINTON],LINTON
825336,JACK,[],LIPSKY
2235382,DONALD,[DON B LITTLE],LITTLE
1970440,PETER,[PETER A LIVINGSTON],LIVINGSTON
1142026,FRANK,"[FRANK J LO CASTRO, FRANK L LO CASTRO, FRANK JOSEPH LOCASTRO]",LO CASTRO
1921460,James,"[CHIP  LOGAN III, JAMES C LOGAN III, JAMES CRAWFORD LOGAN III, JAMES CRAWFORD LOGAN, JAMES CRAWFORD LOGAN III]",Logan
713313,KENNETH,[],LOGAN
1875122,MICHAEL,[MIKE  LONG],LONG
1428987,JEFFREY,"[JEFF  LOOKER, JEFFERY ARTHUR LOOKER]",LOOKER
2401509,JEFFREY,[],LORING
1745539,KEVIN,[],LOUX
2733778,Scott,"[SCOTT D LOVEJOY, SCOTT DAVID LOVEJOY]",Lovejoy
2181503,MICHAEL,[MIKE  LOWEEN],LOWEEN
1444054,VINCENT,"[VINCE  LUCCHESI, VINNIE  LUCCHESI]",LUCCHESI
838977,ROBERT,"[BOB  LUMM, ROBERT LOUIS LUMM]",LUMM
2937600,HELENA,[HIEN NGOC LUONG],LUONG
1123428,ROBERT,[BOBBY  LYLE],LYLE
1485980,LANG,[],MACBAIN
1042992,BRIAN,[BRAIN CRAIG MACKEY],MACKEY
1610558,RICHARD,[RICHARD R MACKIE],MACKIE
1690417,RAMONA,[RAMONA VINCENT ZETZMAN],MACKINNON
2016175,DONALD,[],MADIGAN
703172,SCOT,[],MADSON
2183507,JAMES,[],MAHER
317563,MELVIN,[],MAISEL
317813,WILLIAM,[],MALEK
1311891,KATHLEEN,[],MALIK
318411,VINCENT,[],MANCUSO
2234699,MICHAEL,[],MANIS
1543474,Anthony,[ANTHONY ALBERT MANISCALCO],Maniscalco
1720001,DANIEL,[],MANOFF
2293270,ANTHONY,[],MANOUGIAN
734854,JAMES,"[JAMES JENFANG MAO, JAMES MAO JENFANG MAO, JEN F MAO]",MAO
2258738,JAMES,[MATT  MAPLES],MAPLES
827475,CARLO,"[CARLO JOSEPH MARANO, CARLO  MARANO]",MARANO
1058198,ALFONSO,[AL  MARINO],MARINO
319946,BERNARD,[BERNIE  MARION],MARION
1053836,ROBERT,[ROB  MARK],MARK
2688964,LESLIE,"[GEORGE  MARKUS, LESTER GEORGE MARKUS]",MARKUS
2260838,CHRISTOPHER,[],MARRS
2043618,JEFFREY,[],MARSHALL
1876259,JESS,[],MARSHALL
1866868,BRIAN,[],MARTIN
2090154,GARY,[STEVE  MARTIN],MARTIN
2267326,NICHOLAS,[],MARTINI
1525548,KEVIN,[],MASON
3175545,ATHENA,"[ATHENA KAY BISHOP, ATHENA KAY MASUDA, ATHENA  MASUDA]",MASUDA-BOND
1326880,GERALD,[JERRY  MATERNE],MATERNE
811119,DANIEL,[],MATTHEWS
2517689,KEITH,[KEITH E MAYFIELD],MAYFIELD
4431170,SHAWN,[SHAWN PATRICK MCGRATH],MC GRATH
1288269,MICHAEL,[],MCBRYAN
2476107,JOHN,[],MCCOLLUM
1033835,JOHN,[],MCCRAW
1354449,GREGORY,[GREGORY JOSEPH MCCUE],MCCUE
2772385,AARON,[AARON MICHAEL MCDONALD],MCDONALD
1179369,JOHN,[],MCDONNELL
1047763,ROBERT,[ROBERT GIBBES (JR) MCDOWELL],MCDOWELL
1614457,KEITH,[],MCFADYEN
1252899,FRANK,[],MCGOVERN
1293268,JOHN,[JOHN JAMES MCGURRAN],MCGURRAN
2051878,THOMAS,[TOM  MCHALE],MCHALE
1558453,JEFFERY,[],MCKANNAY
1667052,JHON,"[JHON LEON MCKNIGHT, JOHN LEON MCKNIGHT]",MCKNIGHT
1483125,Nancy,"[Nancy Leigh Ciaccio, NANCY LEIGH MCMANUS, NANCY L MCMANUS-CIACCIO, Nancy L McManus]",McManus
2093895,ROSS,[],MCMEEKIN
2112400,FREDERICK,[FREDERICK V III MCMENIMEN],MCMENIMEN
1199642,TERRY,[],MCPARTLAND
1064486,JOHN,[],MCQUEEN
2904746,William,"[BILL  MEADE, WILLIAM G MEADE]",Meade
330910,BELA,[],MECS
1487532,DENISE,[DENISE ANN MEDFORD],MEDFORD
1977837,ANTHONY,[ANTHONY THOMAS MEGARO],MEGARO
722569,DENNIS,[],MEHRINGER
1505649,HERNANDO,[H  MEJIA],MEJIA
331970,MICHAEL,[],MENENDEZ
1073547,Dave,[David Francis Meredith],Meredith
1610239,GEORGE,[JERRY  MERGES],MERGES
3140931,DAVID,[DAVE  MEYER],MEYER
2192759,JEFFREY,[JEFF G MEYERS],MEYERS
1505939,MARY,"[MARY B DONNELLY, MARY BARBARA DONNELLY, MARY D LARSEN, MARY BARBARA ROBINSON]",MEYERS
2457874,BRUCE,[],MICHALOWSKI
2377758,CHRISTOPHER,"[C SCOTT MILLER, SCOTT  MILLER]",MILLER
1813635,HOWARD,[],MILLER
1371642,MARC,[MARC HARVEY MILLER],MILLER
1326949,RICHARD,[RICK  MILLER],MILLER
335606,SCOTT,[SCOTT CHRISTOPHE MILLER],MILLER
2103467,KIM,"[KIM  FIEGOLI-MILLMAN, KIN  MILLMAN]",MILLMAN
1865577,Darren,"[DARREN JOHN MILLS, Darren J Mills]",Mills
834197,GERALD,[GERALD  MIRRA],MIRRA
2102397,Douglas,[DOUGLAS A MISHKIN],Mishkin
1013171,MICHAEL,"[MICHAEL DAVID MITCHELL, MICKEY  MITCHELL]",MITCHELL
1027787,DAVID,[],MOHN
1479642,FRANK,[],MOLINAR
1485807,CHARLES,[CHUCK  MOLINE],MOLINE
338403,JACK,[],MONTGOMERY
1045472,JOSEPH,[BILL  MONTGOMERY],MONTGOMERY
2624578,JAMES,"[JAME  MOORE, JAMES ANTHONY MOORE, JAMIE  MOORE]",MOORE
873580,JOE,[JOE P MOORE JR],MOORE
1014458,LARRY,[LAWRENCE DAVID MOORE],MOORE
1155638,TONY,[],MOORE
2245725,JAMES,"[JAMES ALFRED MORGENSTERN, JIM ALFRED MORGENSTERN]",MORGENSTERN
852196,SAMUEL,[SAM  MOROCCO],MOROCCO
2276283,SUSAN,"[SUSAN WALTERS MORRIS MS, SUSAN ANN WALTERS]",MORRIS
1474478,MARY,[MARY  VANISKY],MORSE
2201026,DANIEL,[],MORTON
1124611,RUSSELL,[],MOSS
1371711,WILLIAM,[BILL  MUENCH],MUENCH
850176,DAVID,[],MULBERG
1248576,JOHN,[JOHN ANTHONY MURASKI],MURASKI
1262982,RANDY,[],MURPHY
1058740,TIMOTHY,[],MURRAY
1777896,ANTHONY,[TONY  MYERS],MYERS
1856927,GEORGE,"[BOBBY  MYERS, BUBBA  MYERS]",MYERS
1349960,DAVID,[DAVID A NAEFKE],NAEFKE
1294811,RONALD,[RON  NALVEN],NALVEN
871825,JIMMY,"[JIM  NASH, JIMMY R NASH]",NASH
2653644,NORBERT,[NORBERT  NATHS],NATHS
1299505,THOMAS,[],NAYLOR
1916030,JASON,"[JASON R NAZZARO, JASON ROCCO NAZZARO]",NAZZARO
810055,WILLIAM,[BILL  NELSON],NELSON
2214298,HENRY,[],NEMANICH
346602,ANTHONY,[],NESTORA
2273904,RICHARD,[],NEWMAN
2138492,LE,"[LE THI NGUYEN, THUY LE NGUYEN, LE  THUY]",NGUYEN
2168917,CHARLES,[CHUCK  NIDA],NIDA
347983,CRAIG,[CRAIG L NIEBUHR],NIEBUHR
348000,JOSEPH,[JOE  NIEDERKORN],NIEDERKORN
348100,RONALD,[],NIELSEN
707149,STEVEN,[],NIELSEN
1157483,MICHAEL,[],NOLAN
1267464,RICHARD,[DICK  NOTTINGHAM],NOTTINGHAM
1902705,MARC,[],NUFRIO
4919602,JASON,[],NYMARK
502785,WILLIAM,[],OCONNOR
351313,EDWIN,[ED  OFGANT],OFGANT
3121047,NANCY,"[NANCY  LUNDE, NANCY MARIE OGILIVIE]",OGILVIE
1348932,JAMES,[JAMES JOSEPH OGLE],OGLE
1020995,DAN,[],OHLWILER
2181675,JAMES,"[JIM J OLIVER, JIM  OLIVER]",OLIVER
1188372,Rex,[],Oliver
1458634,CHARLES,[],OLSEN
857922,STEPHEN,[],OLSSON
2209905,GERALD,[],ONEIL
2344787,LORI,[],ONEIL
353054,RALPH,[],ONSTEAD
2143425,DEBORAH,[],OPREAN
826822,WILLLIAM,[WILLIAM ARTHUR ORESTIS],ORESTIS
843552,JOHN,[],OSBORN
1213537,HERBERT,[HERBERT JACK OSTER],OSTER
501008,THOMAS,[TOM  OWEN],OWEN
354799,PORTER,"[BUDDY  OZANNE, PORTER LOUIS OZANNE]",OZANNE
1701010,DAVID,[],PAELET
706981,LEONARD,"[LEN  PAGANELLI, LEONARD J PAGANELLI]",PAGANELLI
1958879,STEVEN,[STEVE  PAGARTANIS],PAGARTANIS
1738497,DAVID,[DAVE  PAGE],PAGE
805254,NOLAN,[NOLAN DALE PALMER],PALMER
1069948,NICHOLAS,"[NICHOLAS RICHARD PALUMBO, NICK  PALUMBO]",PALUMBO
2249803,ALEXANDER,"[ALEX  PANAS III, ALEXANDER MICHAEL PANAS]",PANAS
75414,JUDITH,"[JUDITH LOOS EDELMAN, JUDITH M EDELMAN, JUDITH  EDELMAN, JUDITH EDELMAN PANOS]",PANOS
2124877,JOHN,"[JONG  KI, JOHN L PARK, JONG  PARK]",PARK
1060906,CHARLES,[CHARLIE  PARKS],PARKS
4847644,JAMES,"[JAMES DANIEL PARRILLI III, JIMMY DANIEL PARRILLI]",PARRILLI
1039014,ANTHONY,[TONY  PASCAZIO],PASCAZIO
1489963,RICHARD,[RICHARD ROBERT PASICK],PASICK
1114420,FRANK,[],PASSARELLI
2103517,PAUL,[],PATITUCCI
1002743,JOHN,[],PATTI
1617349,DONNA,[DONNA  DAVIS],PAVLOS
2045895,JEFFREY,[],PEARMAN
1529934,JOSEPH,"[JOSEPH EFRAIM PEDLAR JR, JOSEPH EPHRAIM PEDLAR JR]",PEDLAR
2114642,PATRICK,[PAT  PEDUTO],PEDUTO
2971603,DARYN,[],PEEL
1244147,GLENN,[],PELLEGRIN
704904,DWIGHT,[],PENDEXTER
811882,HOWARD,[],PENN
2588167,ANGELO,[ANGELO C PENZA],PENZA
1194493,MICHAEL,[],PERCOCO
1793391,ROSS,[],PERLOE
1021559,JOSEPH,[],PERLOW
2284028,FRANK,[],PERROTTO
361736,ARTHUR,[],PETRIE
2614122,TAI,[TAI  PHAN],PHAN
714631,FREDERICK,[],PHILLIPS
2796242,JOHN,"[JD  PHILLIPS, JOHN D PHILLIPS]",PHILLIPS
717092,MICHAEL,[],PIERSON
2769037,RONALD,[RONALD L PIGMAN],PIGMAN
2726999,MARC,[],PINDUS
1958029,ANTHONY,[],PITTA
827403,GARY,[WAYNE  PLEMONS],PLEMONS
1230652,DANIEL,[],POLAND
1082586,JAY,[JAY MICHAEL POLLACK],POLLACK
2054503,MICHAEL,"[MICHAEL  POPE, MIKE  POPE]",POPE
1909895,RICHARD,[RICHARD ALAN POPE],POPE
1213915,ROBERT,[],POPE
2613340,SHRAGE,[SCHRAGE  POSEN],POSEN
1271673,ROY,[],POSTON
2696609,NORMAND,[],POULIN
2403481,COREY,[],POULOSKY
2164960,AMIR,"[AMIR H POURHAGHIGHAT, AMIR HOSSIEN POURHAGHIGHAT, AMIR HOSSIEN POURI, AMIR  POURI]",POURI
4725109,BRADLEY,[BRAD  PRAY],PRAY
4177608,MICHAEL,"[MICHAEL  PREBOSNYAK, MIKE  PREBOSNYAK]",PREBOSNYAK
1972782,ROBERT,[BOB  PRESTILEO],PRESTILEO
2396186,RICHARD,[],PRESTON
1263173,SANFORD,"[SANDY  PRINZANT, SANDY J PRIZANT, SANDY  PRIZANT]",PRIZANT
1811901,JELANI,"[JEFFREY A FLEMING, JEFFREY ALAN FLEMING, JELANI  FLEMING, PTAH  FLEMING]",PTAH
2897987,RUDY,"[RUDY II QUESADA, RUDY  QUESADA]",QUESADA
2212903,GUY,"[GAINES GUY QUINN, GUY G QUINN]",QUINN
2733328,KIRK,[],QUITNO
830977,GARY,[GARY S RADLER],RADLER
1547709,THOMAS,[],RAGUSE
1170826,GEORGE,[GEORGE E RALL (JR)],RALL
1696689,LEONARD,[LEONARD PAUL RASKIN],RASKIN
1387405,ALLEN,[ANDY  RAUB],RAUB
371967,ROBERT,[],READE
2309779,JAMES,"[JAMES M REARDON, JIM  REARDON]",REARDON
2370856,LEE,[LEE E REEVES JR],REEVES
2948635,STEPHEN,[STEVE  REGISTER],REGISTER
2557149,PAUL,[],RENFROE
1831268,Luis,[Luis A Ricardo],Ricardo
716832,DAVID,"[DAVE  RICE, DAVID A RICE]",RICE
1064788,STEPHEN,[],RICE
714642,RODNEY,"[ROD  RICH JR, RODNEY W RICH JR, RODNEY WAYNE RICH, RODNEY  RICH]",RICH
1685804,ALVIN,[],RICHARDS
2101331,JASON,[],RICHARDS
1020756,EVERETTE,"[BILL  RICHARDSON JR, BILL  RICHARDSON, EVERETTE LEONARD (JR) RICHARDSON]",RICHARDSON
2131185,TIMOTHY,"[TIM  RIOUX, TIMOTHY A RIOUX]",RIOUX
1551450,PAMELA,[PAMELA KIMBERLY ROBBINS],ROBBINS
1197599,SYLVIA,[],ROBERTS
1220144,VICTORIA,"[VICTORIA LYNNE PAUL, VICTORIA  ROBERTS]",ROBERTS
2214766,RODNEY,[ROD  ROBITO],ROBITO
402152,CLIFFORD,"[CLIFF  RODD, CLIFFORD A RODD, CLIFFORD  RODD]",RODD
2244076,KEITH,[],RODDY
849551,JOSEPH,[],RODWELL
2332472,JEFFREY,[],ROGERS
2140603,TODD,[TODD  ROHRER],ROHRER
1128007,DANNY,"[DAN C ROLLO, DAN CLYDE ROLLO]",ROLLO
1667688,JOHN,[JOHN  ROMANO],ROMANO
1744370,DAVID,[],ROMERO
1112046,JOHN,[],ROMFH
2352205,RICHARD,[RICHARD CHARLES ROOS],ROOS
1108878,MICHAEL,[],ROSENBERG
734197,ROBERT,[ROBERT Z ROSENBERG],ROSENBERG
404663,YALE,[],ROSENSTEIN
2488445,WILLIAM,[],ROSS
4530484,CHRISTOPHER,"[CHRIS  ROSSI, CHRISTOPHER G ROSSI, CHRISTOPHER  ROSSI]",ROSSI
1024034,SHIRLEY,[SHIRLEY  ROSSMAN-ZUCKER],ROSSMAN
1445235,MICHAEL,[MICHAEL H ROTHSTEIN],ROTHSTEIN
2050959,JEFFREY,[],ROTMAN
3132692,MICHAEL,[],ROWE
2622430,ROY,[],RUBLE
1359623,Frederick,"[FRED  RUDERMAN, FREDE  RUDERMAN]",Ruderman
1527526,ALAN,[],RUSSO
2103823,SCOTT,[],RUTHER
1322296,JAMES,[JAMES E RYAN],RYAN
1958071,ALI,[ALEX  SAFAVI],SAFAVI
2317143,PAUL,[],SALAMON
2553510,MICHAEL,[],SALERNO
823177,FREDERICK,"[FRED N SALVO JR, FRED NATALE SALVO JR, FRED  SALVO JR, FRED  SALVO]",SALVO
4727965,Alexandru,[],Samoila
2715453,JEFFREY,[],SANDS
1282355,MARK,[],SANFILIPPO
1132066,ROBERT,[],SANTORO
2705843,MICHAEL,[],SANTUCCI
410800,PATRICK,"[PATRICK F PASQUALE, PAT  SANTULLO]",SANTULLO
2330785,JONATHAN,[JONATHAN (NO MIDDLE NAME) SARD],SARD
826925,PASQUALE,[PAT  SATRIANO],SATRIANO
2364505,EDWARD,[],SAUNDERS
2238893,ROBERT,[],SAUNDERS
411477,DAVID,[DAVID LAMB SAUSSY],SAUSSY
1054985,DONALD,[DONALD J SCARO],SCARO
1865735,STEVEN,[STEVEN JAMES SCHACTER],SCHACTER
1790670,JOHN,[JOHN GREGORY JR SCHAEFER],SCHAEFER
1419388,DAVID,[],SCHECTMAN
4324469,BARBARA,[BOEMIO/DERHAMMER],SCHEIRER
1046508,MERL,[MERL JOHN SCHXNAILDRE],SCHEXNAILDRE
2230616,ROBERT,"[BOBBY  SCHIAZZA, ROB  SCHIAZZA, ROBERT ALBERT SCHIAZZA]",SCHIAZZA
1526269,ROBERT,[PETE  SCHILL],SCHILL
3112861,MICHAEL,[MICHAEL K SCHILLING],SCHILLING
1428493,LISA,"[LISA  SCHOLNICK, LISA  SCHOLNICKFEINBLOOM]",SCHOLNICK
1175104,MARGIE,[],SCHOPPE
1840340,DONALD,[DONALD MARTIN SCHREIBER JR],SCHREIBER
602573,DAVID,[],SCHRUM
829444,EILEEN,"[EILEEN S SCHWARTZ, EILEEN  SIEGEL]",SCHWARTZ
1714632,JEFFREY,"[JEFF  SCHWARTZ, JEFFREY MALCOLM SCHWARTZ]",SCHWARTZ
1365519,RUTHE,[RUTHE BERNICE WEINER],SCHWARTZ
1123225,LOUIS,[LOU  SCIPIONE],SCIPIONE
1711211,DAVID,[],SCRANTON
2376566,MARK,[],SCRIBNER
1522325,ROBERT,[MIKE  SHEAHORN SR],SEAHORN
4148761,LISA,[LISA ELIZABETH COX],SEBRO
851875,JAMES,[],SEGO
1950460,MICHAEL,[],SEGURA
1577571,TIMOTHY,[],SEIFERT
2992333,WILLIAM,"[WILLIAM LEWIS SEELEY, BILL  SELLEY, WILLIAM LEWIS SELLEY]",SELLEY
418619,SAM,[],SELLS
1253062,STEVEN,[],SENIOR
2271350,RALPH,[RALPH CARMINE SESSA],SESSA
419409,ARTHUR,[ARTHUR M SGROI JR],SGROI
2826204,MICHAEL,[MIKE  SHAEVITZ],SHAEVITZ
1048010,RONNIE,[],SHAFFER
2672430,STOKES,[KEITH  SHEALY JR],SHEALY
1238248,DALTON,[],SHEFFIELD
845034,WILLIAM,"[WILLIAM CLINT SHELTON JR, WILLIAM CLINT SHELTON]",SHELTON
2037110,SIMONE,[],SHENASSA
421495,JAMES,[],SHEPLEY
2042408,JOHN,[JOHN THOMAS SHEVLIN],SHEVLIN
1080130,RICHARD,[],SHIRER
1942866,MARK,[],SILVERMAN
1095186,JOEL,[],SILVERSTEIN
1486668,MARC,[],SILVERSTEIN
424522,DONALD,[],SIMON
1071796,HAROLD,"[HAROLD STEPHEN SIMPSON, STEVE  SIMPSON SR, STEVE  SIMPSON]",SIMPSON
2941018,ROBERT,[],SINGER
1463173,RICK,[RICK CHRIS SISKEY],SISKEY
1529804,THOMAS,[TOM  SKYPECK],SKYPECK
2577905,DUANE,[],SLADE
1154405,WAYNE,"[WAYNE F SLATTERY, WAYNE FREDERICK SLATTERY]",SLATTERY
825757,MICHAEL,[],SLOAN
816052,RICHARD,[],SMARG
1232359,CARL,"[CARL JOHN SMEENK JR, CARL JOHN SMEENK]",SMEENK
1300839,BRIAN,[],SMITH
1032773,CLARENCE,"[BUD  SMITH III, BUD  SMITH, CLARENCE EDWIN III SMITH]",SMITH
1169124,DELOS,"[DEL  SMITH, DELOS G SMITH, DELOS GROSVENOR SMITH]",SMITH
427616,GEIGER,[],SMITH
1859110,HENDERSON,[],SMITH
1197719,LYNNE,"[LYNNE ADELE HUGGINS, LYNNE ADELE HUGGINS SMITH]",SMITH
2688706,MATTHEW,[],SMITH
428758,ROBERT,[],SMITH
2123979,SCOTT,[SCOTT GLEN SMITH],SMITH
4444007,SHAWN,[],SMITH
1010904,WILLIAM,"[BILL  SMITH, JR WILLIAM FRANKLIN SMITH]",SMITH
1003418,MARK,[],SNYDER
1863263,ANTHONY,[TONY  SOCCI],SOCCI
2219827,DAVID,[],SODERQUIST
1155780,MARK,[],SOLDATI
1862105,DANIEL,"[DANIEL STEVEN SOLICITO SR, DANIEL  SOLICITO SR, DANIEL  SOLICITO, DANIEL  STEVENS]",SOLICITO
2225293,HOWARD,"[HOWARD RAYMOND SOLOMON, HOWIE  SOLOMON JR]",SOLOMON
1360472,DAVID,[SONNY  SONNENBERG],SONNENBERG
1563507,ANTHONY,[TONY  SONSINI],SONSINI
5585590,NICHOLAS,[],SOPHOCLES
721748,SAMUEL,"[SAM  SOPRANO, SAMUEL C SOPRANO]",SOPRANO
2465321,GREGORY,[],SORRENTINO
1044141,RONALD,[RON  SPARKS],SPARKS
1153537,RICHARD,[],SPAZIANO
2040145,FREDDIE,[FREDDIE  SPEARS],SPEARS
2382564,MICHAEL,"[MICHAEL LEE SPICER, MIKE  SPICER]",SPICER
432191,FRANK,[],SPINA
836100,GREGORY,[],SPINAZZE
1466781,JOHN,[],SPITA
2936291,ANTHONY,[TJ  SPIZZO],SPIZZO
2655122,FRANK,[],SPOSATO
432815,GARY,[],SQUIRES
1816180,ROBERT,"[ROBERT  HIDALGO, ROBERT  STABILE]",STABILE
2360844,Michael,[MICHAEL M STACK],Stack
2062409,THOMAS,[],STAFFORD
2288650,GREGORY,[GREGORY PAUL STAMAS],STAMAS
433722,DAVID,[DAVE  STANTON],STANTON
2104069,MICHAEL,[MIKE  STEFFENS],STEFFENS
2808905,ROBERT,[ROBERT W STEGMAN],STEGMAN
2345442,HARRY,"[ANDY  STEINER III, ANDY  STEINER, HARRY MALCOLM III STEINER]",STEINER
1480943,BARRY,[],STEINHARDT
1068872,ROBERT,[BOB  STEINMAN],STEINMAN
435071,MICHAEL,"[MICHAEL GREGORY STEINTHAL JR, MICHAEL GREGORY STEINTHAL MR]",STEINTHAL
435120,HENRY,[],STELZL
1019331,JAMES,[],STEPHAN
1388369,JOHN,[],STEPHENS
1936031,AVI,[],STERN
1750728,CHARLES,[CHUCK  STERN],STERN
1260025,DANIEL,"[DAN  STOCKEMER, DANNY  STOCKEMER]",STOCKEMER
3034551,RUSSELL,"[RUSS  STONE, RUSSELL A STONE, RUSSELL ALAN STONE, RUSTY ALAN STONE]",STONE
1998636,DONALD,[DONALD BRADLEY STONECIPHER],STONECIPHER
2262457,ARI,[],STONEHILL
1620234,SCOTT,[],STORICK
1368111,Steven,[],Stratton
1863131,ROBERT,[BOB  STRAUSS],STRAUSS
2141362,JEFFREY,[JEFF  STREAMER],STREAMER
2396274,PAUL,[PAUL M STROCKIS],STROCKIS
863085,ROBERT,"[BOB  STROMMEN, ROBERT ALAN STROMMEN MR.]",STROMMEN
820782,GREGORY,[],STRONG
3160699,Brian,[],Sugrue
2592984,JEFFREY,[],SULLIVAN
2682966,TODD,[],SUNDAY
1157627,KENT,[],SWEAT
2238830,ADAM,[ADAM B SWICKLE],SWICKLE
1101869,LEO,[LEO JOSEPH SWIETLIKOWSKI],SWIETLIKOWSKI
1815606,SAMUEL,[SAM S SYLVESTER],SYLVESTER
2013864,THEODORE,[THEODORE ROBERT TADDEI],TADDEI
1383529,FRANK,[],TALARICO
1473943,THOMAS,[TOM  TALCOTT],TALCOTT
365017,JANICE,"[JANICE LYDA POLAND, JANICE LYDA TANNO]",TANNO
1727912,JEFFREY,[JEFF  TAXMAN],TAXMAN
3095020,CHAD,[CHAD A TAYLOR],TAYLOR
1352892,DAN,[DAN S TAYLOR],TAYLOR
2649453,DOV,"[BARRY  TEITELBAUM, BERISH  TEITELBAUM]",TEITELBAUM
444013,PHILLIP,[],TEN
604073,MARK,[],THACHER
834421,ZACH,[ZACH E THOMAS],THOMAS
1651846,WALDITH,[WALDITY GEORGE THOMPSON],THOMPSON
1635421,EDWIN,[ED  THORNE JR],THORNE
1583806,MARK,[],THORNE
2884254,Larry,[LARRY  TOPOLANSKI],Topolanski
1572890,TERRENCE,[TERRY  TORMEY],TORMEY
1698379,STEVEN,"[STEVE  TOTO, STEVEN J TOTO]",TOTO
1473645,WILLIAM,"[BILL  TRAHAN, WILLIAM L TRAHAN]",TRAHAN
809435,WILLIAM JEFFREY,"[WILLIAM J TRAUM, WILLIAM JEFFREY TRAUM]",TRAUM
2676940,MICHAEL,[],TRIEBWASSER
2232496,STEVEN,[],TRIGILI
2607778,JOSEPH,[JOSEPH W TUCCIARONE],TUCCIARONE
1060717,JOSEPH,[],TUCCIARONE
1194084,TONY,[TONY EDWARD TUCKER],TUCKER
1065437,G. KEVIN,"[GODFORD KEVIN TURNER, KEVIN G TURNER]",TURNER
1744458,JOHN,[],TURNER
1955136,DIANE,"[DIANE ELAINE HIRES, DIANE ELAINE TUTTLE]",TUTTLE
1653316,PETER,"[TYCHSEN  PETE, PETE SVEND TYCHSEN]",TYCHSEN
1981077,RONALD,[R DEAN UDY],UDY
1293001,ANDREW,"[A THOMAS ULLMANN, TOM  ULLMANN]",ULLMANN
1290952,ELIZABETH,"[ELIZABETH A UPDIKE, LIZ  UPDIKE, ELIZABETH ANN UPDIKEGRAVES]",UPDIKE
1004599,MICHAEL,[],UPTON
1633396,STEVEN,[],USARZEWICZ
829110,CHARLES,[],VALENZUELA
1480648,JOSE,[],VALENZUELA
3035902,DUANE,[DUANE S VALLIE],VALLIE
728768,MICHAEL,[MICHAEL JOHN VALUDES],VALUDES
2061628,DIANA,[DIANA  COLEMAN],VANDAM
452819,ANDREW,[],VANDERZWAAG
1862268,RUSSELL,[RUSSELL FRANKLIN VANN],VANN
2250952,TODD,[TODD  VEILLON],VEILLON
1310964,CHARLES,[CHARLES D VERCELLONE],VERCELLONE
1884149,ALLAN,[ALLAN A VISCARDI],VISCARDI
2669053,PAUL,[],VIVEROS
1156862,DONALD,[],VOSTERS
3028507,CHRISTOPHER,"[CHRIS  WACKER, CHRISTOPHER LAWRENCE WACKER, CHRISTOPHER  WACKER]",WACKER
811317,RICHARD,[RICHARD LUCICY WALDMAN],WALDMAN
1317007,DENNIS,[],WALDREP
2216457,EDWARD,"[TED  WALDRON III, TED  WALDRON]",WALDRON
2108091,CHARLES,"[C. NOOJIN WALKER III, NOOJIN  WALKER III, NOOJIN  WALKER, Charles Noojin Walker]",WALKER
1955502,LEO,[],WALKER
2107798,PATRICK,[],WALKER
3272698,JAMES,[JIM  WALSH],WALSH
1598942,MICHAEL,[MIKE  WALSH],WALSH
2208463,CHRISTOPHER,[],WALTER
2169388,BRUCE,[],WARD
2169985,ALAN,[],WARDYGA
1255226,BONNIE,"[BONNIE BELLE SUMMERS, BONNIE BELLE THOMPSON]",WARE
1813475,RICHARD,[],WARREN
2073262,DAVID,[],WATTERS
728078,MICHAEL,[MICHAEL HAYNE WATTS],WATTS
1034839,HARRISON,[HANK  WEBB],WEBB
1571290,DOUGLAS,[],WEINBERGER
2356306,LYLE,[],WEINTRAUB
1154027,WILLIAM,[WILLIAM M WEIR],WEIR
1187453,HARVEY,[],WEISENFELD
1012528,MARK,[],WEISMAN
2640701,TEDDY,"[TED  WELCH, TEDDY W WELCH SR]",WELCH
1009784,MICHAEL,[],WELGER
1856756,MICHAEL,"[MICHAEL LEON WELLS, MIKE  WELLS]",WELLS
2098771,RANDALL,[RANDY  WELLS],WELLS
2133814,EDWARD,[EDWARD M WENGER],WENGER
1863795,JAMES,[],WENZL
2816649,TODD,[TODD A WERLING],WERLING
2259385,JOHN,[],WESLEY
463706,STANLEY,[],WESOLEK
1033011,ALEXANDRIA,[ALEXANDRIA  PRIFTIS],WEST
2821723,ADAM,[],WESTPHALEN
464220,EDWARD,[],WETZEL
2662666,JAMES,[SKEETER  WETZEL],WETZEL
2289944,JAMES,[],WHALEY
2221331,THOMAS,"[THOMASM  WHELAN, Tom  Whelan]",WHELAN
2361039,WILLIAM,[WILLIAM PATRICK WHELAN],WHELAN
1657643,CURTIS,[CURT  WHIPPLE],WHIPPLE
4820643,REBECCA,[],WHITE
2118340,ROBERT,[ROB  WHITE],WHITE
2155480,TIMOTHY,[TIM  WHITE],WHITE
2410563,MICHAEL,[],WHITEHOUSE
2859263,BRUCE,[],WIDBIN
1386391,RONALL,[],WIER
2744417,TIMOTHY,[],WILBUR
1344175,JAMES,[JIM  WILKES],WILKES
1414101,LESLIE,"[LESLIE ANN FIELD, LESLIE MACGUIRE FIELD, LESLIE ANN MACGUIRE]",WILKONSON
2996336,JON,[],WILLIAMS
2624577,ROBERT,[BOB  WILLIAMS],WILLIAMS
1100558,JEFF,[],WILSON
1157038,WILLIAM,[],WIMBERLY
1888431,MELVIN,"[LEE  WIMMER, MELVIN LEONARD WIMMER]",WIMMER
1197251,KEVIN,[KEVIN CHARLES WINDER],WINDER
1634625,PETER,[],WINER
1262013,CARL,[],WINKLER
1013923,CHARLES,[],WIRTZ
1154157,MICHAEL,[MICHEAL P WISE],WISE
1007083,LARRY,[],WISEMAN
1056935,MICHAEL,"[MICHAEL JAMES WITKOWSKI, MIKE  WITKOWSKI]",WITKOWSKI
1681425,RAYMOND,"[RAYMOND  WOLFE, RICK  WOLFE II]",WOLFE
2233933,TIMOTHY,[],WOLFE
1422492,ALLEN,[ALLEN JOHN WOOD],WOOD
2484436,GLEN,[],WOODARD
2701169,WILLIAM,[],WOODCOCK
870270,ROBERT,"[BOB  WORGAFTIK, ROBERT NORMAN WORGAFTIK]",WORGAFTIK
472993,RICHARD,[],WOTTRICH
2158762,EDWARD,[EDWARD JOSEPH WORBLEWSKI],WROBLEWSKI
473442,WILLIAM,[],WUERCH
2465724,DOUGLAS,[],WYNN
2458453,ROBERT,[ROBERT CHARLES WYNN],WYNN
810915,NEAL,[],YAMPOL
1933774,MITCHELL,[MITCH  YELLEN],YELLEN
1982021,DANIEL,[],YING
1192603,JOSEPH,[],YOCAVITCH
1248645,EARTHA,[EARTHA MARIE YOUNG MS],YOUNG
2083685,GREGORY,[],YOUNG
2423150,PETER,[Zangrilli Joseph Peter],ZANGRILLI
1142281,MATTHEW,[],ZANOWIAK
3113082,ARON,[ARON  ZEKER],ZELCER
2480033,JONATHAN,"[JON  ZIMLICH, JONATHAN COLLINS ZIMLICH]",ZIMLICH
1145166,KEITH,[],ZIMMERMAN
2521447,JENNIFER,"[JEN  GARMAN, JENNIFER A GARMAN, JENNIFER ANNE GARMAN, JENNIFER  GARMAN, JENNIFER ANNE SHAW, JENNIFER ANNE SHAWGARMAN]",ZIRKELBACH
2709259,CHRISTIAN,[CHRIS  ZUELCH],ZUELCH
1555017,RAYMOND,[],ZUHOWSKI
1882087,ROGER,[],ZULLO
